0  0.5109375  0.27421875  0.29999999999999993  0.4078125
0  0.51640625  0.515625  0.30468749999999994  0.02499999999999991
0  0.515625  0.55859375  0.29374999999999996  0.0234375
0  0.51640625  0.609375  0.2828125  0.028124999999999956
0  0.51484375  0.66953125  0.27656249999999993  0.026562500000000044
0  0.51875  0.73203125  0.26874999999999993  0.0234375
0  0.51953125  0.78515625  0.27031249999999996  0.026562500000000044
0  0.5203125  0.84375  0.275  0.018750000000000044
0  0.5218750000000001  0.89375  0.275  0.025000000000000022
0  0.5210937499999999  0.93984375  0.2640625  0.020312499999999956
0  0.51953125  0.99140625  0.26406250000000003  0.017187500000000022
