0  0.48144499999999996  0.738281  0.28710899999999995  0.3867189999999999
0  0.48730500000000004  0.49902300000000005  0.29101600000000005  0.029297000000000017
0  0.486328  0.44726600000000005  0.28125  0.027344000000000035
0  0.487305  0.39160199999999995  0.26757800000000004  0.025391000000000052
0  0.485352  0.3378910000000001  0.25976599999999994  0.02343799999999996
0  0.489258  0.28027300000000005  0.251953  0.021483999999999948
0  0.49023399999999995  0.23242200000000007  0.25390599999999997  0.02343799999999996
0  0.491211  0.17675800000000003  0.25976600000000005  0.021483999999999948
0  0.49316399999999994  0.12597699999999995  0.25976599999999994  0.025391000000000052
0  0.491211  0.08007799999999998  0.24804700000000002  0.019530999999999965
0  0.49023399999999995  0.028320000000000067  0.24609399999999998  0.017577999999999983
